8.107148912373615701e+01 2.969233079587117459e+02
1.218805906493630715e+02 1.743149123335907120e+02
1.695677844087335018e+02 3.836269794830164415e+02
7.917065465869010943e+00 4.433349312626364735e+01
1.763684451355582610e+02 4.164997488123905214e+02
7.760412102983327287e+00 1.348438893935065721e+02
1.502803295196017643e+02 4.477548940861408369e+02
4.092924609906596345e+01 3.704107403588843113e+02
1.037763340438704489e+02 6.684598194643936040e+02
1.858749079622371312e+02 2.706907733658384245e+02
1.063755688406556885e+02 5.551456492165946202e+02
1.639060856453857795e+01 3.428619770682643662e+02
7.625640184456510440e+01 2.688728746347677543e+02
1.348877763269252057e+02 3.584326394287245421e+02
1.107288524541683756e+02 4.973523911252203789e+02
1.128189480546551380e+02 4.572360043528117330e+02
2.079764077180630366e+01 5.149850789019111517e+02
1.379965486738971094e+02 4.593886706491598488e+02
1.573615663197013248e+02 4.421363134618624144e+02
8.762341460478577915e+01 3.990045568330321544e+02
7.675892079172737681e+01 2.974300593272413948e+02
6.869003980285759781e+01 3.423076857620449118e+02
9.760097375897649385e+01 7.006595615689860779e+02
1.356384437451888232e+02 3.481539066092935855e+02
2.636202327843870563e+01 4.640803763688762729e+02
1.991052932895513905e+01 3.916228067309689322e+02
1.693442163414209745e+02 3.351370930961923023e+02
3.666208372520956260e+01 3.843334750033977230e+02
1.794542706251614561e+02 5.329911848026443977e+02
1.345096083836433252e+02 3.300542908841521808e+02
1.887949716251299037e+02 2.083263500267640893e+02
1.461550162629329179e+02 4.095281644873575146e+02
1.025460726839773997e+02 6.285139281284178878e+02
3.621111208077685006e+01 2.980526979025988794e+02
1.983416352695035130e+02 1.455017881459951354e+02
1.346662970721330339e+02 3.137275262878127364e+02
4.767178809173682197e+01 4.203058702377719555e+02
1.198905306838864249e+02 2.582410790426094991e+02
1.822787082812740067e+01 5.035702762124649325e+02
1.104986051608474185e+01 2.990024294131593479e+02
1.557798655566264756e+02 3.237476964325057907e+02
1.152831339109071678e+02 3.119516208711319791e+02
9.113928578394654778e+01 4.763886032152902885e+02
5.254790262624042896e+01 3.486595728975996167e+02
4.527565872990191309e+00 4.942549932033676896e+01
1.065124812662625544e+02 5.470885207196010924e+02
1.753805022849331010e+02 3.725070302948942071e+02
5.095306009120334778e+01 3.833794649842293438e+02
1.759888267262132615e+02 4.178283915203983270e+02
1.602058987577419487e+02 3.169675033232278452e+02
